cost :	5551962.000000001
8 19 10 1 0 9 18 31 30 -1 1 2 3 2 1 1 7 
8 25 16 7 26 17 8 38 37 -1 1 2 1 4 5 4 1 
6 45 33 21 12 3 55 -1 1 2 3 4 1 
8 56 46 34 22 13 4 63 70 -1 1 2 3 4 5 1 7 
8 57 47 35 23 14 5 64 71 -1 1 2 3 4 5 1 7 
8 58 48 36 24 15 6 65 72 -1 1 2 3 4 5 1 7 
8 59 49 60 50 67 66 73 78 -1 1 1 3 3 1 6 7 
8 80 76 81 77 82 84 88 92 -1 1 1 3 3 1 6 7 
8 83 79 74 87 91 95 98 101 -1 1 2 1 4 5 6 7 
8 102 100 97 103 105 107 104 106 -1 1 2 1 4 5 1 7 
8 89 85 90 86 94 93 96 99 -1 1 1 3 3 1 6 7 
8 51 40 28 27 29 39 61 68 -1 1 2 3 3 2 1 7 
8 53 42 41 52 62 69 75 54 -1 1 2 1 4 5 6 1 
6 44 32 20 11 2 43 -1 1 2 3 4 1 
