cost :	4769873.999999995
8 16 10 4 17 11 5 23 22 -1 1 2 1 4 5 4 1 
8 46 41 35 29 52 58 64 70 -1 1 2 3 1 5 6 7 
8 81 75 82 76 88 94 87 93 -1 1 1 3 3 5 1 7 
8 59 53 47 60 65 71 77 83 -1 1 2 1 1 5 6 7 
6 42 37 31 25 48 54 -1 1 2 3 1 5 
8 91 85 92 98 102 97 101 105 -1 1 1 3 4 1 6 7 
8 99 95 89 100 104 107 103 106 -1 1 2 1 4 5 1 7 
8 43 38 32 26 20 49 55 61 -1 1 2 3 4 1 6 7 
6 30 24 18 12 6 36 -1 1 2 3 4 1 
8 72 66 73 79 78 84 90 96 -1 1 1 3 1 5 6 7 
8 44 39 40 45 51 50 56 57 -1 1 2 1 4 1 6 7 
8 27 21 15 9 3 28 34 33 -1 1 2 3 4 1 6 1 
8 13 7 1 0 14 8 2 19 -1 1 2 3 1 5 6 1 
8 68 62 67 69 63 74 80 86 -1 1 1 1 4 1 6 7 
